10 10
0.04439505
0.08935188
0.28289366
0.10768206
0.02204181
0.01469532
0.09505927
0.02763216
0.21159443
0.10465435
4.14535611e-02 2.35525964e-03 7.08084009e-02 1.38784094e-01 2.97908734e-01 4.24378379e-02 1.73291571e-01 3.93175020e-02 1.74122042e-01 1.95209969e-02
9.25261056e-02 3.78085697e-02 7.77003017e-02 5.11384866e-01 2.39856258e-02 8.60297530e-03 2.94151392e-02 2.22817635e-02 1.85204728e-01 1.10899251e-02
3.55558643e-02 2.25862668e-03 4.87804819e-01 9.40698294e-02 9.18154551e-03 5.91870307e-02 2.46920266e-03 9.27820454e-02 1.13380673e-01 1.03310362e-01
1.22564531e-01 1.03951703e-01 2.65966721e-02 1.41409067e-01 1.33858116e-02 6.31094606e-02 1.65620552e-01 4.41174957e-02 1.07961197e-01 2.11283510e-01
8.69882184e-02 4.57089914e-02 2.17393625e-02 1.58148833e-02 3.04353159e-01 4.25573345e-02 3.19678051e-01 1.12903739e-02 2.89124740e-02 1.22957152e-01
5.08639944e-02 9.15925043e-05 9.67077657e-02 6.29635275e-02 2.16508829e-02 3.37430607e-01 3.70402157e-01 2.60013558e-02 1.72870041e-02 1.66011133e-02
2.16083296e-01 2.20305101e-02 5.30020890e-02 1.56759606e-01 1.93478596e-02 2.07930039e-01 1.41716319e-01 1.58330822e-01 1.35639938e-02 1.12354654e-02
4.00687392e-02 6.35841772e-02 2.19579483e-02 1.68834808e-01 1.76086228e-01 2.30681384e-02 1.18326806e-01 2.30383216e-01 5.91893882e-02 9.85005509e-02
1.03533816e-01 1.28742072e-01 2.11758459e-02 1.62932948e-01 2.19690910e-01 1.62570874e-01 6.71543829e-02 7.31355203e-02 1.79787060e-02 4.30849261e-02
1.99389524e-02 1.17582633e-01 1.94595600e-01 8.02631633e-02 2.29192791e-01 7.56589296e-02 6.27720614e-02 2.16552784e-02 1.18007735e-01 8.03328552e-02
0.2041157 0.0541906 0.01460565 0.2097031 0.01796048 0.04828685 0.14836623 0.00564042 0.07183873 0.22529224
0.08331025 0.08889136 0.00395015 0.07581413 0.06461897 0.17294866 0.33673578 0.03406418 0.1097852 0.02988132
0.18893791 0.09807843 0.04844783 0.08186801 0.05871991 0.10027549 0.26958517 0.1299418 0.00381391 0.02033156
0.1114841 0.07500422 0.04149183 0.1775761 0.09245329 0.11719845 0.00783186 0.05312972 0.29375819 0.03007225
0.11822084 0.0441369 0.08718946 0.00683937 0.03777418 0.34732622 0.08500169 0.01304288 0.17673446 0.083734
0.1051294 0.13575668 0.10068758 0.08541505 0.00376931 0.16080564 0.02794067 0.21004569 0.05146769 0.11898227
0.10824227 0.02177118 0.04321468 0.0561299 0.00548544 0.32607083 0.07583407 0.24396082 0.04564457 0.07364625
0.0687621 0.0261355 0.09653448 0.14455629 0.18286551 0.02863967 0.13274276 0.03227282 0.08556738 0.20192351
0.09002215 0.05004239 0.15723839 0.02403741 0.15447862 0.1751613 0.25854549 0.00516695 0.04322956 0.04207774
0.2409712 0.05136649 0.05291091 0.05556545 0.08562646 0.05028148 0.01606055 0.13502547 0.05487239 0.25731961