6 6
0.11395393
0.27894763
0.23253091
0.13783509
0.13974609
0.09698635
0.16571793 0.09626031 0.05528498 0.33362773 0.07890467 0.27020437
0.17753014 0.06131363 0.53514768 0.09221641 0.06540208 0.06839007
0.21551265 0.31554321 0.03036231 0.0468412  0.02672594 0.36501468
0.2704751  0.11954453 0.1095821  0.01614737 0.05265219 0.4315987
0.16785976 0.08774231 0.02159411 0.01862783 0.54974664 0.15442936
0.10908456 0.04728499 0.46031945 0.00366563 0.11967195 0.2599734
0.07881309 0.40002849 0.07791551 0.19104386 0.07877738 0.17342167
0.47496842 0.1064437  0.06358256 0.06190795 0.03378723 0.25931015
0.00293225 0.13822593 0.22913024 0.09678609 0.19540364 0.33752184
0.17255473 0.083486 0.28630603 0.01367214 0.23713389 0.20684721
0.04548519 0.3242872 0.19444396 0.10486085 0.25809831 0.0728245
0.02946194 0.03099557 0.00606598 0.08844726 0.09885882 0.74617044